{
 "cells": [
  {
   "cell_type": "markdown",
   "metadata": {
    "toc": true
   },
   "source": [
    "<h1>Table of Contents<span class=\"tocSkip\"></span></h1>\n",
    "<div class=\"toc\" style=\"margin-top: 1em;\"><ul class=\"toc-item\"></ul></div>"
   ]
  },
  {
   "cell_type": "code",
   "execution_count": 103,
   "metadata": {
    "collapsed": true
   },
   "outputs": [],
   "source": [
    "from scipy.special import comb"
   ]
  },
  {
   "cell_type": "code",
   "execution_count": 104,
   "metadata": {
    "collapsed": true
   },
   "outputs": [],
   "source": [
    "def get_fail_prob( lcomb, nrs, perr ):\n",
    "    a = []\n",
    "    for nopen in lcomb:\n",
    "        p=0.0\n",
    "        for nsel in np.arange( nopen, nrs, -1 ):\n",
    "            p+= comb( nopen, nsel) * perr**nsel * (1-perr)**(nopen-nsel)\n",
    "        a += [p]\n",
    "    return a\n"
   ]
  },
  {
   "cell_type": "code",
   "execution_count": 105,
   "metadata": {
    "collapsed": true
   },
   "outputs": [],
   "source": [
    "def get_not_pass_prob( lprob ):\n",
    "    if len(lprob) == 1:\n",
    "        return lprob[0]\n",
    "    else:\n",
    "        recp = get_not_pass_prob( lprob[1:])\n",
    "        return lprob[0] + recp - lprob[0]*recp\n"
   ]
  },
  {
   "cell_type": "code",
   "execution_count": 106,
   "metadata": {},
   "outputs": [
    {
     "data": {
      "text/plain": [
       "3.0999940000041991e-17"
      ]
     },
     "execution_count": 106,
     "metadata": {},
     "output_type": "execute_result"
    }
   ],
   "source": [
    "lprob = get_fail_prob( [3,2,1,2,5,6,1], 2, 1e-6)\n",
    "get_not_pass_prob( lprob )"
   ]
  },
  {
   "cell_type": "markdown",
   "metadata": {},
   "source": [
    "$$\n",
    "\\phi(N,M,(x_1,x_2,\\dots,x_n)) = N\\ {}_MC_{x_1}\\phi(N-1, M-x_1,(x_2,x_3,\\dots,x_n)) \n",
    "$$"
   ]
  },
  {
   "cell_type": "code",
   "execution_count": 47,
   "metadata": {
    "collapsed": true
   },
   "outputs": [],
   "source": [
    "import itertools\n",
    "NUM_SYMBOL = 64\n",
    "NUM_CHIP = 8\n",
    "NUM_PLANE = 2\n",
    "NUM_SIB = NUM_SYMBOL // ( NUM_CHIP * 2 ) # number of SIB in LIB\n",
    "NUM_BLK = 2000\n",
    "numcor = 2\n",
    "\n",
    "bb_tbl = np.random.randn( 100,2 ) * 4\n",
    "bb_tbl = bb_tbl.clip( 0, 5).astype(int)\n",
    "bb_tbl = bb_tbl[ np.sum( bb_tbl, axis=1) > 0 ]\n"
   ]
  },
  {
   "cell_type": "code",
   "execution_count": 159,
   "metadata": {
    "collapsed": true
   },
   "outputs": [],
   "source": [
    "def get_bb_tbl_libb2( bb_mask_libb2, bb_tbl_sibb ):\n",
    "    ''' Make bb_tbl_libb2 from bb_tbl_sibb considering BB selection based on bb_mask_libb2\n",
    "        bb_mask_lib2 : True:select BB, False:select normal Blk. array(NUM_SIB,len_bb_sibb)\n",
    "        bb_tbl_sib   : number of BB each Blk in SIBB has\n",
    "    '''\n",
    "    bb_tbl_libb2 = np.zeros_like( bb_mask_lib2 )\n",
    "    bb_tbl_sibb_tmp = bb_tbl_sibb.copy()\n",
    "    for sib in range(bb_mask_libb2.shape[0]):\n",
    "        bb_tbl_libb2[sib] = bb_tbl_sibb_tmp\n",
    "        bb_tbl_sibb_tmp -= bb_mask_libb2[sib]\n",
    "\n",
    "    return bb_tbl_libb2\n"
   ]
  },
  {
   "cell_type": "code",
   "execution_count": 160,
   "metadata": {
    "collapsed": true
   },
   "outputs": [],
   "source": [
    "def get_pass_prob_libb2( bb_mask_libb2, bb_tbl_libb2 ):\n",
    "    ''' Get Pass probability\n",
    "    '''\n",
    "    pass_prob_libb2 = np.empty_like( bb_mask_libb2, dtype=np.float )\n",
    "    left_blk_num_libb2 = np.empty_like( bb_mask_libb2, dtype=int)\n",
    "    left_blk_num_libb2[0] = NUM_BLK\n",
    "    for i in range( 1, left_blk_num_libb2.shape[0] ):\n",
    "        left_blk_num_libb2[i] = left_blk_num_libb2[i-1] -1\n",
    "#    print( left_blk_num_libb2 )\n",
    "    pass_prob_libb2[bb_mask_libb2] = bb_tbl_libb2[bb_mask_libb2] \\\n",
    "                                     / left_blk_num_libb2[bb_mask_libb2] # Select BB\n",
    "    pass_prob_libb2[~bb_mask_libb2] = 1.0 - bb_tbl_libb2[~bb_mask_libb2] \\\n",
    "                                            / left_blk_num_libb2[~bb_mask_libb2] # Select nomarl Blk\n",
    "\n",
    "    return pass_prob_libb2"
   ]
  },
  {
   "cell_type": "code",
   "execution_count": 161,
   "metadata": {},
   "outputs": [
    {
     "name": "stdout",
     "output_type": "stream",
     "text": [
      "[False False False False False False False False False False False False\n",
      " False False  True  True]\n",
      "[[ 0.9995      0.9995      0.9995      1.        ]\n",
      " [ 0.99949975  0.99949975  0.99949975  1.        ]\n",
      " [ 0.9994995   0.9994995   0.9994995   1.        ]\n",
      " [ 0.99949925  0.99949925  0.99949925  1.        ]]\n",
      "[False False False False False False False False False False False False\n",
      " False False False False]\n",
      "[[  5.00000000e-04   9.99500000e-01   9.99500000e-01   1.00000000e+00]\n",
      " [  9.99499750e-01   9.99499750e-01   9.99499750e-01   1.00000000e+00]\n",
      " [  9.99499499e-01   9.99499499e-01   9.99499499e-01   1.00000000e+00]\n",
      " [  9.99499249e-01   9.99499249e-01   9.99499249e-01   1.00000000e+00]]\n",
      "[ True False False False False False False False False False False False\n",
      " False False False False]\n",
      "[[  9.99500000e-01   5.00000000e-04   9.99500000e-01   1.00000000e+00]\n",
      " [  9.99499750e-01   9.99499750e-01   9.99499750e-01   1.00000000e+00]\n",
      " [  9.99499499e-01   9.99499499e-01   9.99499499e-01   1.00000000e+00]\n",
      " [  9.99499249e-01   9.99499249e-01   9.99499249e-01   1.00000000e+00]]\n",
      "[False  True False False False False False False False False False False\n",
      " False False False False]\n",
      "[[  9.99500000e-01   9.99500000e-01   5.00000000e-04   1.00000000e+00]\n",
      " [  9.99499750e-01   9.99499750e-01   9.99499750e-01   1.00000000e+00]\n",
      " [  9.99499499e-01   9.99499499e-01   9.99499499e-01   1.00000000e+00]\n",
      " [  9.99499249e-01   9.99499249e-01   9.99499249e-01   1.00000000e+00]]\n",
      "[False False  True False False False False False False False False False\n",
      " False False False False]\n",
      "[False False False  True False False False False False False False False\n",
      " False False False False]\n",
      "[[  9.99500000e-01   9.99500000e-01   9.99500000e-01   1.00000000e+00]\n",
      " [  5.00250125e-04   9.99499750e-01   9.99499750e-01   1.00000000e+00]\n",
      " [  9.99499499e-01   9.99499499e-01   9.99499499e-01   1.00000000e+00]\n",
      " [  9.99499249e-01   9.99499249e-01   9.99499249e-01   1.00000000e+00]]\n",
      "[False False False False  True False False False False False False False\n",
      " False False False False]\n",
      "[[  9.99500000e-01   9.99500000e-01   9.99500000e-01   1.00000000e+00]\n",
      " [  9.99499750e-01   5.00250125e-04   9.99499750e-01   1.00000000e+00]\n",
      " [  9.99499499e-01   9.99499499e-01   9.99499499e-01   1.00000000e+00]\n",
      " [  9.99499249e-01   9.99499249e-01   9.99499249e-01   1.00000000e+00]]\n",
      "[False False False False False  True False False False False False False\n",
      " False False False False]\n",
      "[[  9.99500000e-01   9.99500000e-01   9.99500000e-01   1.00000000e+00]\n",
      " [  9.99499750e-01   9.99499750e-01   5.00250125e-04   1.00000000e+00]\n",
      " [  9.99499499e-01   9.99499499e-01   9.99499499e-01   1.00000000e+00]\n",
      " [  9.99499249e-01   9.99499249e-01   9.99499249e-01   1.00000000e+00]]\n",
      "[False False False False False False  True False False False False False\n",
      " False False False False]\n",
      "[False False False False False False False  True False False False False\n",
      " False False False False]\n",
      "[[  9.99500000e-01   9.99500000e-01   9.99500000e-01   1.00000000e+00]\n",
      " [  9.99499750e-01   9.99499750e-01   9.99499750e-01   1.00000000e+00]\n",
      " [  5.00500501e-04   9.99499499e-01   9.99499499e-01   1.00000000e+00]\n",
      " [  9.99499249e-01   9.99499249e-01   9.99499249e-01   1.00000000e+00]]\n",
      "[False False False False False False False False  True False False False\n",
      " False False False False]\n",
      "[[  9.99500000e-01   9.99500000e-01   9.99500000e-01   1.00000000e+00]\n",
      " [  9.99499750e-01   9.99499750e-01   9.99499750e-01   1.00000000e+00]\n",
      " [  9.99499499e-01   5.00500501e-04   9.99499499e-01   1.00000000e+00]\n",
      " [  9.99499249e-01   9.99499249e-01   9.99499249e-01   1.00000000e+00]]\n",
      "[False False False False False False False False False  True False False\n",
      " False False False False]\n",
      "[[  9.99500000e-01   9.99500000e-01   9.99500000e-01   1.00000000e+00]\n",
      " [  9.99499750e-01   9.99499750e-01   9.99499750e-01   1.00000000e+00]\n",
      " [  9.99499499e-01   9.99499499e-01   5.00500501e-04   1.00000000e+00]\n",
      " [  9.99499249e-01   9.99499249e-01   9.99499249e-01   1.00000000e+00]]\n",
      "[False False False False False False False False False False  True False\n",
      " False False False False]\n",
      "[False False False False False False False False False False False  True\n",
      " False False False False]\n",
      "[[  9.99500000e-01   9.99500000e-01   9.99500000e-01   1.00000000e+00]\n",
      " [  9.99499750e-01   9.99499750e-01   9.99499750e-01   1.00000000e+00]\n",
      " [  9.99499499e-01   9.99499499e-01   9.99499499e-01   1.00000000e+00]\n",
      " [  5.00751127e-04   9.99499249e-01   9.99499249e-01   1.00000000e+00]]\n",
      "[False False False False False False False False False False False False\n",
      "  True False False False]\n",
      "[[  9.99500000e-01   9.99500000e-01   9.99500000e-01   1.00000000e+00]\n",
      " [  9.99499750e-01   9.99499750e-01   9.99499750e-01   1.00000000e+00]\n",
      " [  9.99499499e-01   9.99499499e-01   9.99499499e-01   1.00000000e+00]\n",
      " [  9.99499249e-01   5.00751127e-04   9.99499249e-01   1.00000000e+00]]\n",
      "[False False False False False False False False False False False False\n",
      " False  True False False]\n",
      "[[  9.99500000e-01   9.99500000e-01   9.99500000e-01   1.00000000e+00]\n",
      " [  9.99499750e-01   9.99499750e-01   9.99499750e-01   1.00000000e+00]\n",
      " [  9.99499499e-01   9.99499499e-01   9.99499499e-01   1.00000000e+00]\n",
      " [  9.99499249e-01   9.99499249e-01   5.00751127e-04   1.00000000e+00]]\n",
      "[False False False False False False False False False False False False\n",
      " False False  True False]\n",
      "[False False False False False False False False False False False False\n",
      " False False False  True]\n",
      "[[  5.00000000e-04   5.00000000e-04   9.99500000e-01   1.00000000e+00]\n",
      " [  9.99499750e-01   9.99499750e-01   9.99499750e-01   1.00000000e+00]\n",
      " [  9.99499499e-01   9.99499499e-01   9.99499499e-01   1.00000000e+00]\n",
      " [  9.99499249e-01   9.99499249e-01   9.99499249e-01   1.00000000e+00]]\n",
      "[ True  True False False False False False False False False False False\n",
      " False False False False]\n",
      "[[  5.00000000e-04   9.99500000e-01   5.00000000e-04   1.00000000e+00]\n",
      " [  9.99499750e-01   9.99499750e-01   9.99499750e-01   1.00000000e+00]\n",
      " [  9.99499499e-01   9.99499499e-01   9.99499499e-01   1.00000000e+00]\n",
      " [  9.99499249e-01   9.99499249e-01   9.99499249e-01   1.00000000e+00]]\n",
      "[ True False  True False False False False False False False False False\n",
      " False False False False]\n",
      "[ True False False  True False False False False False False False False\n",
      " False False False False]\n",
      "[[  5.00000000e-04   9.99500000e-01   9.99500000e-01   1.00000000e+00]\n",
      " [  5.00250125e-04   9.99499750e-01   9.99499750e-01   1.00000000e+00]\n",
      " [  1.00000000e+00   9.99499499e-01   9.99499499e-01   1.00000000e+00]\n",
      " [  1.00000000e+00   9.99499249e-01   9.99499249e-01   1.00000000e+00]]\n",
      "[ True False False False  True False False False False False False False\n",
      " False False False False]\n",
      "[[  5.00000000e-04   9.99500000e-01   9.99500000e-01   1.00000000e+00]\n",
      " [  9.99499750e-01   5.00250125e-04   9.99499750e-01   1.00000000e+00]\n",
      " [  9.99499499e-01   9.99499499e-01   9.99499499e-01   1.00000000e+00]\n",
      " [  9.99499249e-01   9.99499249e-01   9.99499249e-01   1.00000000e+00]]\n",
      "[ True False False False False  True False False False False False False\n",
      " False False False False]\n",
      "[[  5.00000000e-04   9.99500000e-01   9.99500000e-01   1.00000000e+00]\n",
      " [  9.99499750e-01   9.99499750e-01   5.00250125e-04   1.00000000e+00]\n",
      " [  9.99499499e-01   9.99499499e-01   9.99499499e-01   1.00000000e+00]\n",
      " [  9.99499249e-01   9.99499249e-01   9.99499249e-01   1.00000000e+00]]\n",
      "[ True False False False False False  True False False False False False\n",
      " False False False False]\n",
      "[ True False False False False False False  True False False False False\n",
      " False False False False]\n",
      "[[  5.00000000e-04   9.99500000e-01   9.99500000e-01   1.00000000e+00]\n",
      " [  9.99499750e-01   9.99499750e-01   9.99499750e-01   1.00000000e+00]\n",
      " [  5.00500501e-04   9.99499499e-01   9.99499499e-01   1.00000000e+00]\n",
      " [  1.00000000e+00   9.99499249e-01   9.99499249e-01   1.00000000e+00]]\n",
      "[ True False False False False False False False  True False False False\n",
      " False False False False]\n",
      "[[  5.00000000e-04   9.99500000e-01   9.99500000e-01   1.00000000e+00]\n",
      " [  9.99499750e-01   9.99499750e-01   9.99499750e-01   1.00000000e+00]\n",
      " [  9.99499499e-01   5.00500501e-04   9.99499499e-01   1.00000000e+00]\n",
      " [  9.99499249e-01   9.99499249e-01   9.99499249e-01   1.00000000e+00]]\n",
      "[ True False False False False False False False False  True False False\n",
      " False False False False]\n",
      "[[  5.00000000e-04   9.99500000e-01   9.99500000e-01   1.00000000e+00]\n",
      " [  9.99499750e-01   9.99499750e-01   9.99499750e-01   1.00000000e+00]\n",
      " [  9.99499499e-01   9.99499499e-01   5.00500501e-04   1.00000000e+00]\n",
      " [  9.99499249e-01   9.99499249e-01   9.99499249e-01   1.00000000e+00]]\n",
      "[ True False False False False False False False False False  True False\n",
      " False False False False]\n",
      "[ True False False False False False False False False False False  True\n",
      " False False False False]\n",
      "[[  5.00000000e-04   9.99500000e-01   9.99500000e-01   1.00000000e+00]\n",
      " [  9.99499750e-01   9.99499750e-01   9.99499750e-01   1.00000000e+00]\n",
      " [  9.99499499e-01   9.99499499e-01   9.99499499e-01   1.00000000e+00]\n",
      " [  5.00751127e-04   9.99499249e-01   9.99499249e-01   1.00000000e+00]]\n",
      "[ True False False False False False False False False False False False\n",
      "  True False False False]\n",
      "[[  5.00000000e-04   9.99500000e-01   9.99500000e-01   1.00000000e+00]\n",
      " [  9.99499750e-01   9.99499750e-01   9.99499750e-01   1.00000000e+00]\n",
      " [  9.99499499e-01   9.99499499e-01   9.99499499e-01   1.00000000e+00]\n",
      " [  9.99499249e-01   5.00751127e-04   9.99499249e-01   1.00000000e+00]]\n",
      "[ True False False False False False False False False False False False\n",
      " False  True False False]\n",
      "[[  5.00000000e-04   9.99500000e-01   9.99500000e-01   1.00000000e+00]\n",
      " [  9.99499750e-01   9.99499750e-01   9.99499750e-01   1.00000000e+00]\n",
      " [  9.99499499e-01   9.99499499e-01   9.99499499e-01   1.00000000e+00]\n",
      " [  9.99499249e-01   9.99499249e-01   5.00751127e-04   1.00000000e+00]]\n",
      "[ True False False False False False False False False False False False\n",
      " False False  True False]\n",
      "[ True False False False False False False False False False False False\n",
      " False False False  True]\n",
      "[[  9.99500000e-01   5.00000000e-04   5.00000000e-04   1.00000000e+00]\n",
      " [  9.99499750e-01   9.99499750e-01   9.99499750e-01   1.00000000e+00]\n",
      " [  9.99499499e-01   9.99499499e-01   9.99499499e-01   1.00000000e+00]\n",
      " [  9.99499249e-01   9.99499249e-01   9.99499249e-01   1.00000000e+00]]\n",
      "[False  True  True False False False False False False False False False\n",
      " False False False False]\n",
      "[False  True False  True False False False False False False False False\n",
      " False False False False]\n",
      "[[  9.99500000e-01   5.00000000e-04   9.99500000e-01   1.00000000e+00]\n",
      " [  5.00250125e-04   9.99499750e-01   9.99499750e-01   1.00000000e+00]\n",
      " [  9.99499499e-01   9.99499499e-01   9.99499499e-01   1.00000000e+00]\n",
      " [  9.99499249e-01   9.99499249e-01   9.99499249e-01   1.00000000e+00]]\n",
      "[False  True False False  True False False False False False False False\n",
      " False False False False]\n",
      "[[  9.99500000e-01   5.00000000e-04   9.99500000e-01   1.00000000e+00]\n",
      " [  9.99499750e-01   5.00250125e-04   9.99499750e-01   1.00000000e+00]\n",
      " [  9.99499499e-01   9.99499499e-01   9.99499499e-01   1.00000000e+00]\n",
      " [  9.99499249e-01   9.99499249e-01   9.99499249e-01   1.00000000e+00]]\n",
      "[False  True False False False  True False False False False False False\n",
      " False False False False]\n",
      "[[  9.99500000e-01   5.00000000e-04   9.99500000e-01   1.00000000e+00]\n",
      " [  9.99499750e-01   9.99499750e-01   5.00250125e-04   1.00000000e+00]\n",
      " [  9.99499499e-01   9.99499499e-01   9.99499499e-01   1.00000000e+00]\n",
      " [  9.99499249e-01   9.99499249e-01   9.99499249e-01   1.00000000e+00]]\n",
      "[False  True False False False False  True False False False False False\n",
      " False False False False]\n",
      "[False  True False False False False False  True False False False False\n",
      " False False False False]\n",
      "[[  9.99500000e-01   5.00000000e-04   9.99500000e-01   1.00000000e+00]\n",
      " [  9.99499750e-01   9.99499750e-01   9.99499750e-01   1.00000000e+00]\n",
      " [  5.00500501e-04   9.99499499e-01   9.99499499e-01   1.00000000e+00]\n",
      " [  9.99499249e-01   9.99499249e-01   9.99499249e-01   1.00000000e+00]]\n",
      "[False  True False False False False False False  True False False False\n",
      " False False False False]\n",
      "[[  9.99500000e-01   5.00000000e-04   9.99500000e-01   1.00000000e+00]\n",
      " [  9.99499750e-01   9.99499750e-01   9.99499750e-01   1.00000000e+00]\n",
      " [  9.99499499e-01   5.00500501e-04   9.99499499e-01   1.00000000e+00]\n",
      " [  9.99499249e-01   9.99499249e-01   9.99499249e-01   1.00000000e+00]]\n",
      "[False  True False False False False False False False  True False False\n",
      " False False False False]\n",
      "[[  9.99500000e-01   5.00000000e-04   9.99500000e-01   1.00000000e+00]\n",
      " [  9.99499750e-01   9.99499750e-01   9.99499750e-01   1.00000000e+00]\n",
      " [  9.99499499e-01   9.99499499e-01   5.00500501e-04   1.00000000e+00]\n",
      " [  9.99499249e-01   9.99499249e-01   9.99499249e-01   1.00000000e+00]]\n",
      "[False  True False False False False False False False False  True False\n",
      " False False False False]\n",
      "[False  True False False False False False False False False False  True\n",
      " False False False False]\n",
      "[[  9.99500000e-01   5.00000000e-04   9.99500000e-01   1.00000000e+00]\n",
      " [  9.99499750e-01   9.99499750e-01   9.99499750e-01   1.00000000e+00]\n",
      " [  9.99499499e-01   9.99499499e-01   9.99499499e-01   1.00000000e+00]\n",
      " [  5.00751127e-04   9.99499249e-01   9.99499249e-01   1.00000000e+00]]\n",
      "[False  True False False False False False False False False False False\n",
      "  True False False False]\n",
      "[[  9.99500000e-01   5.00000000e-04   9.99500000e-01   1.00000000e+00]\n",
      " [  9.99499750e-01   9.99499750e-01   9.99499750e-01   1.00000000e+00]\n",
      " [  9.99499499e-01   9.99499499e-01   9.99499499e-01   1.00000000e+00]\n",
      " [  9.99499249e-01   5.00751127e-04   9.99499249e-01   1.00000000e+00]]\n",
      "[False  True False False False False False False False False False False\n",
      " False  True False False]\n",
      "[[  9.99500000e-01   5.00000000e-04   9.99500000e-01   1.00000000e+00]\n",
      " [  9.99499750e-01   9.99499750e-01   9.99499750e-01   1.00000000e+00]\n",
      " [  9.99499499e-01   9.99499499e-01   9.99499499e-01   1.00000000e+00]\n",
      " [  9.99499249e-01   9.99499249e-01   5.00751127e-04   1.00000000e+00]]\n",
      "[False  True False False False False False False False False False False\n",
      " False False  True False]\n",
      "[False  True False False False False False False False False False False\n",
      " False False False  True]\n",
      "[False False  True  True False False False False False False False False\n",
      " False False False False]\n",
      "[[  9.99500000e-01   9.99500000e-01   5.00000000e-04   1.00000000e+00]\n",
      " [  5.00250125e-04   9.99499750e-01   9.99499750e-01   1.00000000e+00]\n",
      " [  9.99499499e-01   9.99499499e-01   9.99499499e-01   1.00000000e+00]\n",
      " [  9.99499249e-01   9.99499249e-01   9.99499249e-01   1.00000000e+00]]\n",
      "[False False  True False  True False False False False False False False\n",
      " False False False False]\n",
      "[[  9.99500000e-01   9.99500000e-01   5.00000000e-04   1.00000000e+00]\n",
      " [  9.99499750e-01   5.00250125e-04   9.99499750e-01   1.00000000e+00]\n",
      " [  9.99499499e-01   9.99499499e-01   9.99499499e-01   1.00000000e+00]\n",
      " [  9.99499249e-01   9.99499249e-01   9.99499249e-01   1.00000000e+00]]\n",
      "[False False  True False False  True False False False False False False\n",
      " False False False False]\n",
      "[[  9.99500000e-01   9.99500000e-01   5.00000000e-04   1.00000000e+00]\n",
      " [  9.99499750e-01   9.99499750e-01   5.00250125e-04   1.00000000e+00]\n",
      " [  9.99499499e-01   9.99499499e-01   1.00000000e+00   1.00000000e+00]\n",
      " [  9.99499249e-01   9.99499249e-01   1.00000000e+00   1.00000000e+00]]\n",
      "[False False  True False False False  True False False False False False\n",
      " False False False False]\n",
      "[False False  True False False False False  True False False False False\n",
      " False False False False]\n",
      "[[  9.99500000e-01   9.99500000e-01   5.00000000e-04   1.00000000e+00]\n",
      " [  9.99499750e-01   9.99499750e-01   9.99499750e-01   1.00000000e+00]\n",
      " [  5.00500501e-04   9.99499499e-01   9.99499499e-01   1.00000000e+00]\n",
      " [  9.99499249e-01   9.99499249e-01   9.99499249e-01   1.00000000e+00]]\n",
      "[False False  True False False False False False  True False False False\n",
      " False False False False]\n",
      "[[  9.99500000e-01   9.99500000e-01   5.00000000e-04   1.00000000e+00]\n",
      " [  9.99499750e-01   9.99499750e-01   9.99499750e-01   1.00000000e+00]\n",
      " [  9.99499499e-01   5.00500501e-04   9.99499499e-01   1.00000000e+00]\n",
      " [  9.99499249e-01   9.99499249e-01   9.99499249e-01   1.00000000e+00]]\n",
      "[False False  True False False False False False False  True False False\n",
      " False False False False]\n",
      "[[  9.99500000e-01   9.99500000e-01   5.00000000e-04   1.00000000e+00]\n",
      " [  9.99499750e-01   9.99499750e-01   9.99499750e-01   1.00000000e+00]\n",
      " [  9.99499499e-01   9.99499499e-01   5.00500501e-04   1.00000000e+00]\n",
      " [  9.99499249e-01   9.99499249e-01   1.00000000e+00   1.00000000e+00]]\n",
      "[False False  True False False False False False False False  True False\n",
      " False False False False]\n",
      "[False False  True False False False False False False False False  True\n",
      " False False False False]\n",
      "[[  9.99500000e-01   9.99500000e-01   5.00000000e-04   1.00000000e+00]\n",
      " [  9.99499750e-01   9.99499750e-01   9.99499750e-01   1.00000000e+00]\n",
      " [  9.99499499e-01   9.99499499e-01   9.99499499e-01   1.00000000e+00]\n",
      " [  5.00751127e-04   9.99499249e-01   9.99499249e-01   1.00000000e+00]]\n",
      "[False False  True False False False False False False False False False\n",
      "  True False False False]\n",
      "[[  9.99500000e-01   9.99500000e-01   5.00000000e-04   1.00000000e+00]\n",
      " [  9.99499750e-01   9.99499750e-01   9.99499750e-01   1.00000000e+00]\n",
      " [  9.99499499e-01   9.99499499e-01   9.99499499e-01   1.00000000e+00]\n",
      " [  9.99499249e-01   5.00751127e-04   9.99499249e-01   1.00000000e+00]]\n",
      "[False False  True False False False False False False False False False\n",
      " False  True False False]\n",
      "[[  9.99500000e-01   9.99500000e-01   5.00000000e-04   1.00000000e+00]\n",
      " [  9.99499750e-01   9.99499750e-01   9.99499750e-01   1.00000000e+00]\n",
      " [  9.99499499e-01   9.99499499e-01   9.99499499e-01   1.00000000e+00]\n",
      " [  9.99499249e-01   9.99499249e-01   5.00751127e-04   1.00000000e+00]]\n",
      "[False False  True False False False False False False False False False\n",
      " False False  True False]\n",
      "[False False  True False False False False False False False False False\n",
      " False False False  True]\n",
      "[False False False  True  True False False False False False False False\n",
      " False False False False]\n",
      "[False False False  True False  True False False False False False False\n",
      " False False False False]\n",
      "[False False False  True False False  True False False False False False\n",
      " False False False False]\n",
      "[False False False  True False False False  True False False False False\n",
      " False False False False]\n",
      "[False False False  True False False False False  True False False False\n",
      " False False False False]\n",
      "[False False False  True False False False False False  True False False\n",
      " False False False False]\n",
      "[False False False  True False False False False False False  True False\n",
      " False False False False]\n",
      "[False False False  True False False False False False False False  True\n",
      " False False False False]\n",
      "[False False False  True False False False False False False False False\n",
      "  True False False False]\n",
      "[False False False  True False False False False False False False False\n",
      " False  True False False]\n",
      "[False False False  True False False False False False False False False\n",
      " False False  True False]\n",
      "[False False False  True False False False False False False False False\n",
      " False False False  True]\n",
      "[[  9.99500000e-01   9.99500000e-01   9.99500000e-01   1.00000000e+00]\n",
      " [  5.00250125e-04   5.00250125e-04   9.99499750e-01   1.00000000e+00]\n",
      " [  9.99499499e-01   9.99499499e-01   9.99499499e-01   1.00000000e+00]\n",
      " [  9.99499249e-01   9.99499249e-01   9.99499249e-01   1.00000000e+00]]\n",
      "[False False False False  True  True False False False False False False\n",
      " False False False False]\n",
      "[[  9.99500000e-01   9.99500000e-01   9.99500000e-01   1.00000000e+00]\n",
      " [  5.00250125e-04   9.99499750e-01   5.00250125e-04   1.00000000e+00]\n",
      " [  9.99499499e-01   9.99499499e-01   9.99499499e-01   1.00000000e+00]\n",
      " [  9.99499249e-01   9.99499249e-01   9.99499249e-01   1.00000000e+00]]\n",
      "[False False False False  True False  True False False False False False\n",
      " False False False False]\n",
      "[False False False False  True False False  True False False False False\n",
      " False False False False]\n",
      "[[  9.99500000e-01   9.99500000e-01   9.99500000e-01   1.00000000e+00]\n",
      " [  5.00250125e-04   9.99499750e-01   9.99499750e-01   1.00000000e+00]\n",
      " [  5.00500501e-04   9.99499499e-01   9.99499499e-01   1.00000000e+00]\n",
      " [  1.00000000e+00   9.99499249e-01   9.99499249e-01   1.00000000e+00]]\n",
      "[False False False False  True False False False  True False False False\n",
      " False False False False]\n",
      "[[  9.99500000e-01   9.99500000e-01   9.99500000e-01   1.00000000e+00]\n",
      " [  5.00250125e-04   9.99499750e-01   9.99499750e-01   1.00000000e+00]\n",
      " [  9.99499499e-01   5.00500501e-04   9.99499499e-01   1.00000000e+00]\n",
      " [  9.99499249e-01   9.99499249e-01   9.99499249e-01   1.00000000e+00]]\n",
      "[False False False False  True False False False False  True False False\n",
      " False False False False]\n",
      "[[  9.99500000e-01   9.99500000e-01   9.99500000e-01   1.00000000e+00]\n",
      " [  5.00250125e-04   9.99499750e-01   9.99499750e-01   1.00000000e+00]\n",
      " [  9.99499499e-01   9.99499499e-01   5.00500501e-04   1.00000000e+00]\n",
      " [  9.99499249e-01   9.99499249e-01   9.99499249e-01   1.00000000e+00]]\n",
      "[False False False False  True False False False False False  True False\n",
      " False False False False]\n",
      "[False False False False  True False False False False False False  True\n",
      " False False False False]\n",
      "[[  9.99500000e-01   9.99500000e-01   9.99500000e-01   1.00000000e+00]\n",
      " [  5.00250125e-04   9.99499750e-01   9.99499750e-01   1.00000000e+00]\n",
      " [  9.99499499e-01   9.99499499e-01   9.99499499e-01   1.00000000e+00]\n",
      " [  5.00751127e-04   9.99499249e-01   9.99499249e-01   1.00000000e+00]]\n",
      "[False False False False  True False False False False False False False\n",
      "  True False False False]\n",
      "[[  9.99500000e-01   9.99500000e-01   9.99500000e-01   1.00000000e+00]\n",
      " [  5.00250125e-04   9.99499750e-01   9.99499750e-01   1.00000000e+00]\n",
      " [  9.99499499e-01   9.99499499e-01   9.99499499e-01   1.00000000e+00]\n",
      " [  9.99499249e-01   5.00751127e-04   9.99499249e-01   1.00000000e+00]]\n",
      "[False False False False  True False False False False False False False\n",
      " False  True False False]\n",
      "[[  9.99500000e-01   9.99500000e-01   9.99500000e-01   1.00000000e+00]\n",
      " [  5.00250125e-04   9.99499750e-01   9.99499750e-01   1.00000000e+00]\n",
      " [  9.99499499e-01   9.99499499e-01   9.99499499e-01   1.00000000e+00]\n",
      " [  9.99499249e-01   9.99499249e-01   5.00751127e-04   1.00000000e+00]]\n",
      "[False False False False  True False False False False False False False\n",
      " False False  True False]\n",
      "[False False False False  True False False False False False False False\n",
      " False False False  True]\n",
      "[[  9.99500000e-01   9.99500000e-01   9.99500000e-01   1.00000000e+00]\n",
      " [  9.99499750e-01   5.00250125e-04   5.00250125e-04   1.00000000e+00]\n",
      " [  9.99499499e-01   9.99499499e-01   9.99499499e-01   1.00000000e+00]\n",
      " [  9.99499249e-01   9.99499249e-01   9.99499249e-01   1.00000000e+00]]\n",
      "[False False False False False  True  True False False False False False\n",
      " False False False False]\n",
      "[False False False False False  True False  True False False False False\n",
      " False False False False]\n",
      "[[  9.99500000e-01   9.99500000e-01   9.99500000e-01   1.00000000e+00]\n",
      " [  9.99499750e-01   5.00250125e-04   9.99499750e-01   1.00000000e+00]\n",
      " [  5.00500501e-04   9.99499499e-01   9.99499499e-01   1.00000000e+00]\n",
      " [  9.99499249e-01   9.99499249e-01   9.99499249e-01   1.00000000e+00]]\n",
      "[False False False False False  True False False  True False False False\n",
      " False False False False]\n",
      "[[  9.99500000e-01   9.99500000e-01   9.99500000e-01   1.00000000e+00]\n",
      " [  9.99499750e-01   5.00250125e-04   9.99499750e-01   1.00000000e+00]\n",
      " [  9.99499499e-01   5.00500501e-04   9.99499499e-01   1.00000000e+00]\n",
      " [  9.99499249e-01   9.99499249e-01   9.99499249e-01   1.00000000e+00]]\n",
      "[False False False False False  True False False False  True False False\n",
      " False False False False]\n",
      "[[  9.99500000e-01   9.99500000e-01   9.99500000e-01   1.00000000e+00]\n",
      " [  9.99499750e-01   5.00250125e-04   9.99499750e-01   1.00000000e+00]\n",
      " [  9.99499499e-01   9.99499499e-01   5.00500501e-04   1.00000000e+00]\n",
      " [  9.99499249e-01   9.99499249e-01   9.99499249e-01   1.00000000e+00]]\n",
      "[False False False False False  True False False False False  True False\n",
      " False False False False]\n",
      "[False False False False False  True False False False False False  True\n",
      " False False False False]\n",
      "[[  9.99500000e-01   9.99500000e-01   9.99500000e-01   1.00000000e+00]\n",
      " [  9.99499750e-01   5.00250125e-04   9.99499750e-01   1.00000000e+00]\n",
      " [  9.99499499e-01   9.99499499e-01   9.99499499e-01   1.00000000e+00]\n",
      " [  5.00751127e-04   9.99499249e-01   9.99499249e-01   1.00000000e+00]]\n",
      "[False False False False False  True False False False False False False\n",
      "  True False False False]\n",
      "[[  9.99500000e-01   9.99500000e-01   9.99500000e-01   1.00000000e+00]\n",
      " [  9.99499750e-01   5.00250125e-04   9.99499750e-01   1.00000000e+00]\n",
      " [  9.99499499e-01   9.99499499e-01   9.99499499e-01   1.00000000e+00]\n",
      " [  9.99499249e-01   5.00751127e-04   9.99499249e-01   1.00000000e+00]]\n",
      "[False False False False False  True False False False False False False\n",
      " False  True False False]\n",
      "[[  9.99500000e-01   9.99500000e-01   9.99500000e-01   1.00000000e+00]\n",
      " [  9.99499750e-01   5.00250125e-04   9.99499750e-01   1.00000000e+00]\n",
      " [  9.99499499e-01   9.99499499e-01   9.99499499e-01   1.00000000e+00]\n",
      " [  9.99499249e-01   9.99499249e-01   5.00751127e-04   1.00000000e+00]]\n",
      "[False False False False False  True False False False False False False\n",
      " False False  True False]\n",
      "[False False False False False  True False False False False False False\n",
      " False False False  True]\n",
      "[False False False False False False  True  True False False False False\n",
      " False False False False]\n",
      "[[  9.99500000e-01   9.99500000e-01   9.99500000e-01   1.00000000e+00]\n",
      " [  9.99499750e-01   9.99499750e-01   5.00250125e-04   1.00000000e+00]\n",
      " [  5.00500501e-04   9.99499499e-01   9.99499499e-01   1.00000000e+00]\n",
      " [  9.99499249e-01   9.99499249e-01   9.99499249e-01   1.00000000e+00]]\n",
      "[False False False False False False  True False  True False False False\n",
      " False False False False]\n",
      "[[  9.99500000e-01   9.99500000e-01   9.99500000e-01   1.00000000e+00]\n",
      " [  9.99499750e-01   9.99499750e-01   5.00250125e-04   1.00000000e+00]\n",
      " [  9.99499499e-01   5.00500501e-04   9.99499499e-01   1.00000000e+00]\n",
      " [  9.99499249e-01   9.99499249e-01   9.99499249e-01   1.00000000e+00]]\n",
      "[False False False False False False  True False False  True False False\n",
      " False False False False]\n",
      "[[  9.99500000e-01   9.99500000e-01   9.99500000e-01   1.00000000e+00]\n",
      " [  9.99499750e-01   9.99499750e-01   5.00250125e-04   1.00000000e+00]\n",
      " [  9.99499499e-01   9.99499499e-01   5.00500501e-04   1.00000000e+00]\n",
      " [  9.99499249e-01   9.99499249e-01   1.00000000e+00   1.00000000e+00]]\n",
      "[False False False False False False  True False False False  True False\n",
      " False False False False]\n",
      "[False False False False False False  True False False False False  True\n",
      " False False False False]\n",
      "[[  9.99500000e-01   9.99500000e-01   9.99500000e-01   1.00000000e+00]\n",
      " [  9.99499750e-01   9.99499750e-01   5.00250125e-04   1.00000000e+00]\n",
      " [  9.99499499e-01   9.99499499e-01   9.99499499e-01   1.00000000e+00]\n",
      " [  5.00751127e-04   9.99499249e-01   9.99499249e-01   1.00000000e+00]]\n",
      "[False False False False False False  True False False False False False\n",
      "  True False False False]\n",
      "[[  9.99500000e-01   9.99500000e-01   9.99500000e-01   1.00000000e+00]\n",
      " [  9.99499750e-01   9.99499750e-01   5.00250125e-04   1.00000000e+00]\n",
      " [  9.99499499e-01   9.99499499e-01   9.99499499e-01   1.00000000e+00]\n",
      " [  9.99499249e-01   5.00751127e-04   9.99499249e-01   1.00000000e+00]]\n",
      "[False False False False False False  True False False False False False\n",
      " False  True False False]\n",
      "[[  9.99500000e-01   9.99500000e-01   9.99500000e-01   1.00000000e+00]\n",
      " [  9.99499750e-01   9.99499750e-01   5.00250125e-04   1.00000000e+00]\n",
      " [  9.99499499e-01   9.99499499e-01   9.99499499e-01   1.00000000e+00]\n",
      " [  9.99499249e-01   9.99499249e-01   5.00751127e-04   1.00000000e+00]]\n",
      "[False False False False False False  True False False False False False\n",
      " False False  True False]\n",
      "[False False False False False False  True False False False False False\n",
      " False False False  True]\n",
      "[False False False False False False False  True  True False False False\n",
      " False False False False]\n",
      "[False False False False False False False  True False  True False False\n",
      " False False False False]\n",
      "[False False False False False False False  True False False  True False\n",
      " False False False False]\n",
      "[False False False False False False False  True False False False  True\n",
      " False False False False]\n",
      "[False False False False False False False  True False False False False\n",
      "  True False False False]\n",
      "[False False False False False False False  True False False False False\n",
      " False  True False False]\n",
      "[False False False False False False False  True False False False False\n",
      " False False  True False]\n",
      "[False False False False False False False  True False False False False\n",
      " False False False  True]\n",
      "[[  9.99500000e-01   9.99500000e-01   9.99500000e-01   1.00000000e+00]\n",
      " [  9.99499750e-01   9.99499750e-01   9.99499750e-01   1.00000000e+00]\n",
      " [  5.00500501e-04   5.00500501e-04   9.99499499e-01   1.00000000e+00]\n",
      " [  9.99499249e-01   9.99499249e-01   9.99499249e-01   1.00000000e+00]]\n",
      "[False False False False False False False False  True  True False False\n",
      " False False False False]\n",
      "[[  9.99500000e-01   9.99500000e-01   9.99500000e-01   1.00000000e+00]\n",
      " [  9.99499750e-01   9.99499750e-01   9.99499750e-01   1.00000000e+00]\n",
      " [  5.00500501e-04   9.99499499e-01   5.00500501e-04   1.00000000e+00]\n",
      " [  9.99499249e-01   9.99499249e-01   9.99499249e-01   1.00000000e+00]]\n",
      "[False False False False False False False False  True False  True False\n",
      " False False False False]\n",
      "[False False False False False False False False  True False False  True\n",
      " False False False False]\n",
      "[[  9.99500000e-01   9.99500000e-01   9.99500000e-01   1.00000000e+00]\n",
      " [  9.99499750e-01   9.99499750e-01   9.99499750e-01   1.00000000e+00]\n",
      " [  5.00500501e-04   9.99499499e-01   9.99499499e-01   1.00000000e+00]\n",
